# p1 0.1 p2 0.1 r1 0.1 r2 0.1 sigma 1 T 1 b1 1 b2 -1 x0 0 Nt 12 Nth 16 m 12 lambda 1e-07
# Jbar1 4.29579949565 Jbar2 4.29579949565 Jvar1 0.493706762721 Jvar2 0.493706762721
# t Xbar Dbar1 Dbar2 Dbar1_perfect_info
0 2.8398992588e-29 9.93688244716 -9.93688244716 4.64692365239
0.005 -1.02562775293e-16 9.88690268463 -9.88690268464 4.63930783607
0.01 -2.69818966349e-16 9.83695867274 -9.83695867274 4.63162209542
0.015 -5.14228092923e-16 9.78704419278 -9.78704419278 4.62386578465
0.02 -8.41587766028e-16 9.73715405373 -9.73715405373 4.61603825185
0.025 -1.25229911667e-15 9.68728396888 -9.68728396888 4.60813883885
0.03 -1.74248735749e-15 9.6374304434 -9.6374304434 4.60016688118
0.035 -2.30498867916e-15 9.58759067218 -9.58759067218 4.59212170799
0.04 -2.93021408246e-15 9.53776244728 -9.53776244728 4.58400264198
0.045 -3.60690016817e-15 9.48794407423 -9.48794407423 4.57580899933
0.05 -4.32275634899e-15 9.43813429657 -9.43813429657 4.56754008962
0.055 -5.06501741088e-15 9.38833222819 -9.38833222819 4.55919521572
0.06 -5.82090983479e-15 9.33853729259 -9.33853729259 4.55077367379
0.065 -6.5780397928e-15 9.28874916888 -9.28874916888 4.54227475311
0.07 -7.32471025565e-15 9.2389677437 -9.2389677437 4.53369773604
0.075 -8.0501741902e-15 9.18919306886 -9.18919306886 4.52504189794
0.08 -8.74483038534e-15 9.13942532394 -9.13942532394 4.51630650707
0.085 -9.40036802343e-15 9.08966478379 -9.08966478379 4.50749082451
0.09 -1.00098657097e-14 9.03991179015 -9.03991179015 4.49859410406
0.095 -1.05678502851e-14 8.99016672732 -8.99016672732 4.48961559214
0.1 -1.10703203779e-14 8.94043000136 -8.94043000136 4.48055452771
0.105 -1.15147392953e-14 8.89070202252 -8.89070202252 4.47141014219
0.11 -1.19000015165e-14 8.84098319058 -8.84098319058 4.46218165931
0.115 -1.22263767295e-14 8.79127388293 -8.79127388293 4.45286829504
0.12 -1.2495435042e-14 8.74157444484 -8.74157444484 4.4434692575
0.125 -1.27099567059e-14 8.69188518203 -8.69188518203 4.43398374682
0.13 -1.28738294155e-14 8.64220635498 -8.64220635498 4.42441095503
0.135 -1.29919359753e-14 8.59253817498 -8.59253817498 4.41475006598
0.14 -1.30700348784e-14 8.54288080157 -8.54288080157 4.40500025521
0.145 -1.31146361022e-14 8.49323434131 -8.49323434131 4.39516068979
0.15 -1.31328741982e-14 8.44359884762 -8.44359884762 4.38523052825
0.155 -1.31323805415e-14 8.39397432155 -8.39397432155 4.37520892045
0.16 -1.31211564012e-14 8.34436071333 -8.34436071333 4.36509500741
0.165 -1.31074483062e-14 8.29475792461 -8.29475792461 4.3548879212
0.17 -1.30996269964e-14 8.24516581124 -8.24516581124 4.34458678483
0.175 -1.31060710862e-14 8.19558418641 -8.19558418641 4.33419071206
0.18 -1.31350564052e-14 8.14601282418 -8.14601282418 4.32369880728
0.185 -1.31946518351e-14 8.09645146324 -8.09645146324 4.31311016536
0.19 -1.32926223227e-14 8.0468998108 -8.0468998108 4.30242387149
0.195 -1.34363396215e-14 7.99735754653 -7.99735754653 4.29163900101
0.2 -1.36327011914e-14 7.94782432664 -7.94782432664 4.28075461929
0.205 -1.38880575798e-14 7.89829978776 -7.89829978776 4.26976978148
0.21 -1.42081485008e-14 7.84878355087 -7.84878355087 4.25868353244
0.215 -1.45980477362e-14 7.79927522503 -7.79927522503 4.24749490644
0.22 -1.5062116896e-14 7.74977441096 -7.74977441096 4.23620292709
0.225 -1.56039679964e-14 7.70028070444 -7.70028070444 4.22480660706
0.23 -1.62264347407e-14 7.65079369948 -7.65079369948 4.21330494792
0.235 -1.69315523243e-14 7.60131299125 -7.60131299125 4.20169693993
0.24 -1.77205455264e-14 7.5518381788 -7.5518381788 4.18998156182
0.245 -1.85938247975e-14 7.50236886742 -7.50236886742 4.17815778059
0.25 -1.95509900088e-14 7.45290467085 -7.45290467085 4.16622455123
0.255 -2.05908414845e-14 7.40344521315 -7.40344521315 4.15418081657
0.26 -2.1711397908e-14 7.3539901303 -7.3539901303 4.14202550694
0.265 -2.29099206583e-14 7.30453907152 -7.30453907152 4.12975754
0.27 -2.41829441139e-14 7.2550917004 -7.2550917004 4.11737582042
0.275 -2.55263114345e-14 7.20564769569 -7.20564769569 4.10487923965
0.28 -2.6935215322e-14 7.15620675187 -7.15620675187 4.09226667559
0.285 -2.84042432454e-14 7.10676857951 -7.10676857951 4.07953699236
0.29 -2.99274266095e-14 7.05733290538 -7.05733290538 4.06668903997
0.295 -3.14982933436e-14 7.00789947235 -7.00789947235 4.05372165399
0.3 -3.31099233832e-14 6.95846803913 -6.95846803913 4.04063365525
0.305 -3.47550065254e-14 6.90903837981 -6.90903837981 4.02742384951
0.31 -3.64259021391e-14 6.85961028322 -6.85961028322 4.01409102707
0.315 -3.81147002247e-14 6.81018355218 -6.81018355218 4.00063396246
0.32 -3.98132833265e-14 6.76075800265 -6.76075800266 3.98705141405
0.325 -4.15133888151e-14 6.71133346269 -6.71133346269 3.97334212364
0.33 -4.32066710742e-14 6.66190977138 -6.66190977138 3.95950481608
0.335 -4.48847631438e-14 6.61248677769 -6.61248677769 3.94553819884
0.34 -4.65393373899e-14 6.56306433926 -6.56306433926 3.93144096159
0.345 -4.81621647947e-14 6.51364232113 -6.51364232113 3.91721177573
0.35 -4.97451724834e-14 6.46422059449 -6.46422059449 3.90284929394
0.355 -5.12804991258e-14 6.41479903535 -6.41479903535 3.88835214969
0.36 -5.27605478794e-14 6.36537752333 -6.36537752333 3.87371895673
0.365 -5.41780365651e-14 6.31595594035 -6.31595594035 3.85894830857
0.37 -5.55260447923e-14 6.26653416941 -6.26653416941 3.84403877795
0.375 -5.67980577813e-14 6.21711209346 -6.21711209346 3.82898891627
0.38 -5.79880066555e-14 6.16768959423 -6.16768959423 3.81379725301
0.385 -5.90903050057e-14 6.11826655118 -6.11826655118 3.79846229512
0.39 -6.00998815586e-14 6.06884284056 -6.06884284056 3.78298252638
0.395 -6.1012208807e-14 6.0194183345 -6.0194183345 3.76735640679
0.4 -6.18233274914e-14 5.96999290021 -5.96999290021 3.75158237184
0.405 -6.2529866849e-14 5.92056639927 -5.92056639927 3.73565883188
0.41 -6.31290605739e-14 5.87113868706 -5.87113868706 3.71958417131
0.415 -6.36187584615e-14 5.82170961225 -5.82170961225 3.7033567479
0.42 -6.39974337354e-14 5.77227901646 -5.77227901646 3.68697489197
0.425 -6.42641860835e-14 5.72284673392 -5.72284673392 3.67043690562
0.43 -6.44187404535e-14 5.67341259139 -5.67341259139 3.65374106184
0.435 -6.44614416846e-14 5.62397640809 -5.62397640809 3.6368856037
0.44 -6.43932450758e-14 5.57453799575 -5.57453799575 3.61986874341
0.445 -6.4215703013e-14 5.52509715885 -5.52509715885 3.60268866143
0.45 -6.39309478009e-14 5.47565369483 -5.47565369483 3.58534350548
0.455 -6.35416708645e-14 5.42620739454 -5.42620739454 3.56783138958
0.46 -6.30510985059e-14 5.37675804269 -5.37675804269 3.55015039301
0.465 -6.24629644201e-14 5.32730541845 -5.32730541845 3.53229855925
0.47 -6.17814791882e-14 5.27784929609 -5.27784929609 3.51427389489
0.475 -6.10112969864e-14 5.22838944575 -5.22838944575 3.49607436852
0.48 -6.01574797583e-14 5.17892563422 -5.17892563422 3.47769790955
0.485 -5.92254591135e-14 5.12945762588 -5.12945762588 3.45914240704
0.49 -5.82209962258e-14 5.07998518354 -5.07998518354 3.44040570844
0.495 -5.71501400135e-14 5.03050806949 -5.03050806949 3.42148561835
0.5 -5.60191838926e-14 4.9810260465 -4.9810260465 3.40237989721
0.505 -5.48346213994e-14 4.93153887884 -4.93153887884 3.38308625997
0.51 -5.36031009837e-14 4.88204633337 -4.88204633337 3.36360237472
0.515 -5.23313802776e-14 4.8325481806 -4.8325481806 3.34392586128
0.52 -5.10262801461e-14 4.78304419571 -4.78304419571 3.3240542898
0.525 -4.96946388233e-14 4.7335341597 -4.7335341597 3.30398517925
0.53 -4.834326644e-14 4.68401786032 -4.68401786032 3.28371599595
0.535 -4.69789002414e-14 4.63449509316 -4.63449509316 3.26324415204
0.54 -4.56081607901e-14 4.58496566255 -4.58496566255 3.24256700395
0.545 -4.4237509443e-14 4.5354293825 -4.5354293825 3.22168185081
0.55 -4.28732073816e-14 4.48588607756 -4.48588607756 3.20058593285
0.555 -4.15212764662e-14 4.43633558358 -4.43633558358 3.17927642981
0.56 -4.01874621715e-14 4.38677774847 -4.38677774847 3.15775045934
0.565 -3.8877198851e-14 4.33721243279 -4.33721243279 3.13600507529
0.57 -3.75955775607e-14 4.28763951034 -4.28763951033 3.11403726618
0.575 -3.63473166578e-14 4.23805886855 -4.23805886855 3.09184395349
0.58 -3.51367353743e-14 4.18847040892 -4.18847040892 3.06942199008
0.585 -3.39677305453e-14 4.13887404721 -4.13887404721 3.04676815858
0.59 -3.28437566541e-14 4.08926971359 -4.08926971359 3.02387916979
0.595 -3.17678093336e-14 4.03965735273 -4.03965735273 3.00075166117
0.6 -3.07424124448e-14 3.99003692366 -3.99003692366 2.9773821953
0.605 -2.97696088278e-14 3.94040839964 -3.94040839964 2.95376725846
0.61 -2.88509547982e-14 3.89077176783 -3.89077176783 2.92990325925
0.615 -2.79875184396e-14 3.84112702892 -3.84112702892 2.9057865273
0.62 -2.71798817133e-14 3.79147419658 -3.79147419658 2.88141331205
0.625 -2.64281463864e-14 3.74181329688 -3.74181329688 2.8567797817
0.63 -2.5731943749e-14 3.69214436758 -3.69214436758 2.83188202225
0.635 -2.50904480664e-14 3.64246745728 -3.64246745728 2.80671603668
0.64 -2.45023936867e-14 3.59278262455 -3.59278262455 2.78127774439
0.645 -2.39660956949e-14 3.54308993699 -3.54308993699 2.7555629807
0.65 -2.347947398e-14 3.49338947012 -3.49338947012 2.72956749673
0.655 -2.30400805531e-14 3.4436813063 -3.4436813063 2.70328695942
0.66 -2.26451299297e-14 3.39396553357 -3.39396553357 2.67671695187
0.665 -2.22915323619e-14 3.34424224447 -3.34424224447 2.64985297404
0.67 -2.19759296805e-14 3.29451153476 -3.29451153476 2.62269044371
0.675 -2.1694733485e-14 3.24477350222 -3.24477350222 2.59522469794
0.68 -2.14441653899e-14 3.19502824537 -3.19502824537 2.56745099486
0.685 -2.12202990191e-14 3.14527586228 -3.14527586228 2.53936451602
0.69 -2.10191034135e-14 3.09551644932 -3.09551644932 2.51096036921
0.695 -2.08364874987e-14 3.04575010004 -3.04575010004 2.48223359188
0.7 -2.066834524e-14 2.99597690401 -2.99597690401 2.45317915516
0.705 -2.0510601095e-14 2.94619694585 -2.94619694585 2.42379196856
0.71 -2.03592553578e-14 2.89641030428 -2.89641030428 2.39406688545
0.715 -2.02104289777e-14 2.84661705127 -2.84661705127 2.36399870928
0.72 -2.00604074206e-14 2.79681725135 -2.79681725135 2.33358220069
0.725 -1.99056831373e-14 2.74701096104 -2.74701096104 2.30281208555
0.73 -1.97429961923e-14 2.69719822843 -2.69719822843 2.27168306398
0.735 -1.95693726083e-14 2.64737909296 -2.64737909296 2.24018982041
0.74 -1.93821599778e-14 2.59755358534 -2.59755358534 2.20832703485
0.745 -1.91790599004e-14 2.54772172768 -2.54772172768 2.17608939527
0.75 -1.89581568079e-14 2.49788353385 -2.49788353385 2.14347161131
0.755 -1.87179427529e-14 2.44803901 -2.44803901 2.1104684293
0.76 -1.8457337751e-14 2.39818815538 -2.39818815538 2.07707464877
0.765 -1.81757052848e-14 2.34833096333 -2.34833096333 2.0432851403
0.77 -1.78728626031e-14 2.29846742251 -2.29846742251 2.00909486504
0.775 -1.75490854761e-14 2.24859751838 -2.24859751838 1.97449889577
0.78 -1.72051071026e-14 2.19872123493 -2.19872123493 1.93949243961
0.785 -1.68421109021e-14 2.14883855657 -2.14883855657 1.90407086242
0.79 -1.64617169716e-14 2.09894947032 -2.09894947032 1.86822971495
0.795 -1.60659620342e-14 2.04905396814 -2.04905396814 1.83196476067
0.8 -1.56572727671e-14 1.99915204948 -1.99915204948 1.79527200543
0.805 -1.52384324565e-14 1.94924372401 -1.94924372401 1.75814772877
0.81 -1.48125409961e-14 1.89932901442 -1.89932901442 1.72058851704
0.815 -1.43829683274e-14 1.84940795941 -1.84940795941 1.68259129808
0.82 -1.39533014969e-14 1.79948061671 -1.79948061671 1.64415337758
0.825 -1.35272856031e-14 1.7495470661 -1.7495470661 1.60527247687
0.83 -1.31087590021e-14 1.69960741247 -1.69960741247 1.56594677211
0.835 -1.27015832503e-14 1.64966178871 -1.64966178871 1.52617493468
0.84 -1.23095683763e-14 1.59971035852 -1.59971035852 1.48595617258
0.845 -1.19363942045e-14 1.54975331894 -1.54975331894 1.44529027268
0.85 -1.15855285801e-14 1.49979090259 -1.49979090259 1.4041776435
0.855 -1.12601434966e-14 1.44982337951 -1.44982337951 1.36261935816
0.86 -1.09630302743e-14 1.39985105849 -1.39985105849 1.32061719739
0.865 -1.06965151075e-14 1.34987428775 -1.34987428775 1.27817369202
0.87 -1.04623764694e-14 1.2998934549 -1.2998934549 1.23529216459
0.875 -1.02617660501e-14 1.24990898603 -1.24990898603 1.19197676977
0.88 -1.00951351018e-14 1.19992134369 -1.19992134369 1.14823253296
0.885 -9.96216827119e-15 1.1499310238 -1.1499310238 1.10406538666
0.89 -9.86172722091e-15 1.09993855103 -1.09993855103 1.05948220408
0.895 -9.79180657588e-15 1.04994447275 -1.04994447275 1.01449082948
0.9 -9.74950497426e-15 0.999949351119 -0.999949351119 0.969100104603
0.905 -9.73101426312e-15 0.949953753244 -0.949953753244 0.923319890789
0.91 -9.73163015117e-15 0.899958239035 -0.899958239035 0.877161086109
0.915 -9.74578791723e-15 0.849963346618 -0.849963346618 0.830635637075
0.92 -9.76712707426e-15 0.799969574959 -0.799969574959 0.783756544395
0.925 -9.78858920448e-15 0.749977363425 -0.749977363425 0.736537862319
0.93 -9.80255351185e-15 0.699987067967 -0.699987067967 0.688994691185
0.935 -9.80101498484e-15 0.649998933576 -0.649998933576 0.641143162803
0.94 -9.77581042495e-15 0.600013062673 -0.600013062673 0.593000418416
0.945 -9.7188979753e-15 0.55002937903 -0.55002937903 0.544584579035
0.95 -9.6226961796e-15 0.500047586828 -0.500047586828 0.495914708069
0.955 -9.48048901519e-15 0.450067124419 -0.450067124419 0.447010766231
0.96 -9.28690377435e-15 0.400087112328 -0.400087112328 0.397893558849
0.965 -9.03846911796e-15 0.350106295017 -0.350106295017 0.348584675781
0.97 -8.73426109278e-15 0.300122975898 -0.300122975898 0.299106424279
0.975 -8.37664539115e-15 0.250134945048 -0.250134945048 0.249481755239
0.98 -7.97212463834e-15 0.200139399057 -0.200139399057 0.199734183389
0.985 -7.53230001927e-15 0.150132852403 -0.150132852403 0.149887702062
0.99 -7.07495710383e-15 0.100111039718 -0.100111039718 0.0999666933076
0.995 -6.62528629802e-15 0.050068808278 -0.050068808278 0.0499958341665
1 -6.2172489379e-15 0 0 -0
