# p1 3000 p2 3000 r1 0.1 r2 0.1 sigma 1 T 1 b1 1 b2 -1 x0 0 Nt 12 Nth 16 m 12 lambda 1e-07
# Jbar1 2.19563376963 Jbar2 2.19563376961 Jvar1 0.173040447682 Jvar2 0.173040447686
# t Xbar Dbar1 Dbar2 Dbar1_perfect_info
0 -5.92385236014e-27 4.98266905786 -4.9826690578 4.64692365239
0.005 6.1661633008e-12 4.93883646457 -4.93883646452 4.63930783607
0.01 9.97437134219e-12 4.9046449965 -4.90464499647 4.63162209542
0.015 1.1932965712e-11 4.87810993046 -4.87810993045 4.62386578465
0.02 1.24751822134e-11 4.85754507669 -4.85754507671 4.61603825185
0.025 1.19672986171e-11 4.84152893149 -4.84152893153 4.60813883885
0.03 1.07161149879e-11 4.82887375689 -4.82887375696 4.60016688118
0.035 8.97580797282e-12 4.81859739523 -4.81859739532 4.59212170799
0.04 6.95419853494e-12 4.80989763549 -4.8098976356 4.58400264198
0.045 4.81847077507e-12 4.80212895776 -4.80212895789 4.57580899933
0.05 2.70037770034e-12 4.79478149049 -4.79478149063 4.56754008962
0.055 7.00968077383e-13 4.78746202391 -4.78746202405 4.55919521572
0.06 -1.10513315716e-12 4.77987693107 -4.77987693121 4.55077367379
0.065 -2.66586006361e-12 4.7718168557 -4.77181685584 4.54227475311
0.07 -3.94822713053e-12 4.76314303378 -4.76314303392 4.53369773604
0.075 -4.9352091549e-12 4.75377512279 -4.75377512291 4.52504189794
0.08 -5.62295319994e-12 4.7436804198 -4.74368041991 4.51630650707
0.085 -6.01829765225e-12 4.73286435621 -4.73286435631 4.50749082451
0.09 -6.13657474106e-12 4.72136216324 -4.72136216332 4.49859410406
0.095 -5.99967417486e-12 4.7092316088 -4.70923160887 4.48961559214
0.1 -5.63434679363e-12 4.69654671211 -4.69654671215 4.48055452771
0.105 -5.07072833136e-12 4.68339234805 -4.68339234808 4.47141014219
0.11 -4.34106453314e-12 4.66985965913 -4.66985965914 4.46218165931
0.115 -3.47861997572e-12 4.65604219757 -4.65604219757 4.45286829504
0.12 -2.51675400117e-12 4.64203272574 -4.64203272572 4.4434692575
0.125 -1.48814819081e-12 4.62792060725 -4.62792060721 4.43398374682
0.13 -4.24170782216e-13 4.61378972626 -4.61378972621 4.42441095503
0.135 6.45635632718e-13 4.59971687645 -4.59971687639 4.41475006598
0.14 1.69395589601e-12 4.58577056556 -4.58577056549 4.40500025521
0.145 2.6960054687e-12 4.57201018524 -4.57201018516 4.39516068979
0.15 3.62974610517e-12 4.55848549987 -4.55848549979 4.38523052825
0.155 4.47602432679e-12 4.54523641146 -4.54523641138 4.37520892045
0.16 5.21864225922e-12 4.53229296138 -4.5322929613 4.36509500741
0.165 5.84436968599e-12 4.51967553263 -4.51967553255 4.3548879212
0.17 6.34290549343e-12 4.50739521981 -4.50739521974 4.34458678483
0.175 6.70679603729e-12 4.49545433653 -4.49545433646 4.33419071206
0.18 6.93131734837e-12 4.48384703296 -4.4838470329 4.32369880728
0.185 7.0143275123e-12 4.47255999881 -4.47255999876 4.31311016536
0.19 6.95609500699e-12 4.46157322942 -4.46157322939 4.30242387149
0.195 6.7591082578e-12 4.450860835 -4.45086083498 4.29163900101
0.2 6.42787117638e-12 4.44039187524 -4.44039187523 4.28075461929
0.205 5.96868898119e-12 4.43013120357 -4.43013120357 4.26976978148
0.21 5.38944815722e-12 4.42004030721 -4.42004030723 4.25868353244
0.215 4.69939399674e-12 4.41007813102 -4.41007813106 4.24749490644
0.22 3.90890877264e-12 4.40020187469 -4.40020187474 4.23620292709
0.225 3.02929322888e-12 4.39036775455 -4.39036775461 4.22480660706
0.23 2.0725537294e-12 4.38053172263 -4.38053172271 4.21330494792
0.235 1.05119708505e-12 4.37065013682 -4.37065013691 4.20169693993
0.24 -2.19652211797e-14 4.36068037747 -4.36068037757 4.18998156182
0.245 -1.13400196992e-12 4.35058140662 -4.35058140674 4.17815778059
0.25 -2.27203512039e-12 4.3403142674 -4.34031426753 4.16622455123
0.255 -3.4233997628e-12 4.32984252168 -4.32984252182 4.15418081657
0.26 -4.57579038802e-12 4.3191326254 -4.31913262555 4.14202550694
0.265 -5.71739295831e-12 4.30815424133 -4.30815424148 4.12975754
0.27 -6.83700244946e-12 4.29688049003 -4.2968804902 4.11737582042
0.275 -7.92412570571e-12 4.28528814031 -4.28528814048 4.10487923965
0.28 -8.96906960361e-12 4.27335774085 -4.27335774103 4.09226667559
0.285 -9.96301466109e-12 4.26107369556 -4.26107369573 4.07953699236
0.29 -1.0898074354e-11 4.24842428516 -4.24842428534 4.06668903997
0.295 -1.17673405148e-11 4.23540163831 -4.23540163849 4.05372165399
0.3 -1.25649152875e-11 4.22200165549 -4.22200165566 4.04063365525
0.305 -1.32859301992e-11 4.2082238894 -4.20822388956 4.02742384951
0.31 -1.39265529864e-11 4.19407138568 -4.19407138584 4.01409102707
0.315 -1.44839828755e-11 4.17955048798 -4.17955048813 4.00063396246
0.32 -1.49564350728e-11 4.16467061142 -4.16467061157 3.98705141405
0.325 -1.53431152638e-11 4.14944398863 -4.14944398877 3.97334212364
0.33 -1.56441849539e-11 4.13388539251 -4.13388539264 3.95950481608
0.335 -1.58607185117e-11 4.11801184 -4.11801184011 3.94553819884
0.34 -1.59946527906e-11 4.10184228075 -4.10184228085 3.93144096159
0.345 -1.60487302174e-11 4.085397275 -4.08539727509 3.91721177573
0.35 -1.60264362372e-11 4.06869866439 -4.06869866446 3.90284929394
0.355 -1.59319320014e-11 4.05176923954 -4.05176923961 3.88835214969
0.36 -1.57699831747e-11 4.03463240824 -4.03463240829 3.87371895673
0.365 -1.5545885723e-11 4.01731186738 -4.01731186742 3.85894830857
0.37 -1.52653895208e-11 3.99983128222 -3.99983128224 3.84403877795
0.375 -1.49346205927e-11 3.98221397588 -3.98221397589 3.82898891627
0.38 -1.45600027739e-11 3.96448263197 -3.96448263197 3.81379725301
0.385 -1.41481795396e-11 3.94665901294 -3.94665901293 3.79846229512
0.39 -1.37059367163e-11 3.92876369654 -3.92876369651 3.78298252638
0.395 -1.32401267477e-11 3.91081583246 -3.91081583242 3.76735640679
0.4 -1.27575951453e-11 3.89283292107 -3.89283292102 3.75158237184
0.405 -1.22651097075e-11 3.87483061582 -3.87483061576 3.73565883188
0.41 -1.17692930446e-11 3.85682255058 -3.85682255051 3.71958417131
0.415 -1.12765588967e-11 3.83882019309 -3.83882019301 3.7033567479
0.42 -1.07930526847e-11 3.8208327252 -3.82083272512 3.68697489197
0.425 -1.03245966789e-11 3.80286695056 -3.80286695047 3.67043690562
0.43 -9.87664012276e-12 3.78492722992 -3.78492722983 3.65374106184
0.435 -9.45421459432e-12 3.76701544417 -3.76701544408 3.6368856037
0.44 -9.06189483736e-12 3.74913098486 -3.74913098477 3.61986874341
0.445 -8.70376524295e-12 3.73127077171 -3.73127077162 3.60268866143
0.45 -8.3833921103e-12 3.71342929655 -3.71342929646 3.58534350548
0.455 -8.10380176633e-12 3.69559869264 -3.69559869254 3.56783138958
0.46 -7.86746457411e-12 3.67776882835 -3.67776882827 3.55015039301
0.465 -7.67628481238e-12 3.659927424 -3.65992742392 3.53229855925
0.47 -7.53159636232e-12 3.6420601901 -3.64206019002 3.51427389489
0.475 -7.43416409298e-12 3.62415098568 -3.62415098561 3.49607436852
0.48 -7.38419079418e-12 3.60618199466 -3.60618199459 3.47769790955
0.485 -7.38132946523e-12 3.58813391847 -3.58813391841 3.45914240704
0.49 -7.4247007291e-12 3.56998618281 -3.56998618276 3.44040570844
0.495 -7.51291510629e-12 3.5517171564 -3.55171715635 3.42148561835
0.5 -7.64409984871e-12 3.53330437942 -3.53330437939 3.40237989721
0.505 -7.81593000354e-12 3.51472479949 -3.51472479946 3.38308625997
0.51 -8.02566334897e-12 3.49595501257 -3.49595501255 3.36360237472
0.515 -8.27017881862e-12 3.47697150663 -3.47697150662 3.34392586128
0.52 -8.54601800957e-12 3.45775090545 -3.45775090545 3.3240542898
0.525 -8.84942934965e-12 3.4382702103 -3.43827021031 3.30398517925
0.53 -9.17641448416e-12 3.41850703696 -3.41850703698 3.28371599595
0.535 -9.52277642914e-12 3.39843984579 -3.39843984582 3.26324415204
0.54 -9.88416902911e-12 3.37804816256 -3.3780481626 3.24256700395
0.545 -1.02561472507e-11 3.35731278768 -3.35731278772 3.22168185081
0.55 -1.06342178413e-11 3.33621599178 -3.33621599182 3.20058593285
0.555 -1.10138898808e-11 3.3147416956 -3.31474169566 3.17927642981
0.56 -1.13907247602e-11 3.29287563218 -3.29287563224 3.15775045934
0.565 -1.17603851258e-11 3.27060548958 -3.27060548964 3.13600507529
0.57 -1.21186823376e-11 3.24792103258 -3.24792103265 3.11403726618
0.575 -1.24616220066e-11 3.22481420177 -3.22481420184 3.09184395349
0.58 -1.27854471879e-11 3.20127918884 -3.20127918891 3.06942199008
0.585 -1.30866788281e-11 3.17731248686 -3.17731248694 3.04676815858
0.59 -1.3362153089e-11 3.15291291485 -3.15291291493 3.02387916979
0.595 -1.36090551902e-11 3.12808161571 -3.12808161579 3.00075166117
0.6 -1.38249494471e-11 3.10282202734 -3.10282202741 2.9773821953
0.605 -1.40078052054e-11 3.07713982649 -3.07713982656 2.95376725846
0.61 -1.41560184094e-11 3.05104284563 -3.0510428457 2.92990325925
0.615 -1.42684285774e-11 3.02454096289 -3.02454096295 2.9057865273
0.62 -1.43443309904e-11 2.99764596576 -2.99764596581 2.88141331205
0.625 -1.43834839455e-11 2.97037138935 -2.9703713894 2.8567797817
0.63 -1.43861109615e-11 2.94273233023 -2.94273233028 2.83188202225
0.635 -1.43528978705e-11 2.9147452372 -2.91474523724 2.80671603668
0.64 -1.42849847713e-11 2.88642768061 -2.88642768064 2.78127774439
0.645 -1.41839528667e-11 2.85779810204 -2.85779810207 2.7555629807
0.65 -1.40518062529e-11 2.82887554653 -2.82887554654 2.72956749673
0.655 -1.38909487767e-11 2.79967937963 -2.79967937964 2.70328695942
0.66 -1.37041561211e-11 2.770228992 -2.770228992 2.67671695187
0.665 -1.34945433326e-11 2.74054349425 -2.74054349424 2.64985297404
0.67 -1.32655280439e-11 2.7106414052 -2.71064140519 2.62269044371
0.675 -1.30207896993e-11 2.68054033681 -2.68054033679 2.59522469794
0.68 -1.27642251322e-11 2.65025667921 -2.65025667918 2.56745099486
0.685 -1.249990089e-11 2.61980528944 -2.61980528941 2.53936451602
0.69 -1.22320027478e-11 2.58919918778 -2.58919918775 2.51096036921
0.695 -1.19647828895e-11 2.55844926551 -2.55844926547 2.48223359188
0.7 -1.17025052805e-11 2.52756400805 -2.52756400801 2.45317915516
0.705 -1.14493897894e-11 2.49654923778 -2.49654923774 2.42379196856
0.71 -1.12095556516e-11 2.46540788042 -2.46540788037 2.39406688545
0.715 -1.09869649e-11 2.43413975929 -2.43413975924 2.36399870928
0.72 -1.07853664151e-11 2.40274142151 -2.40274142146 2.33358220069
0.725 -1.06082412687e-11 2.37120600015 -2.3712060001 2.30281208555
0.73 -1.04587500565e-11 2.3395231163 -2.33952311626 2.27168306398
0.735 -1.03396829281e-11 2.30767882493 -2.30767882488 2.24018982041
0.74 -1.02534130293e-11 2.27565560789 -2.27565560785 2.20832703485
0.745 -1.02018540774e-11 2.2434324177 -2.24343241766 2.17608939527
0.75 -1.01864227843e-11 2.21098477486 -2.21098477483 2.14347161131
0.755 -1.02080068304e-11 2.17828492151 -2.17828492148 2.1104684293
0.76 -1.02669390764e-11 2.1453020336 -2.14530203358 2.07707464877
0.765 -1.03629786724e-11 2.11200249334 -2.11200249333 2.0432851403
0.77 -1.04952996882e-11 2.07835022306 -2.07835022305 2.00909486504
0.775 -1.06624878459e-11 2.04430708101 -2.04430708102 1.97449889577
0.78 -1.08625458839e-11 2.00983331908 -2.00983331908 1.93949243961
0.785 -1.10929080127e-11 1.97488810118 -1.9748881012 1.90407086242
0.79 -1.13504638554e-11 1.93943008087 -1.9394300809 1.86822971495
0.795 -1.16315921733e-11 1.903418035 -1.90341803503 1.83196476067
0.8 -1.19322045847e-11 1.86681154989 -1.86681154993 1.79527200543
0.805 -1.22477993699e-11 1.82957175491 -1.82957175496 1.75814772877
0.81 -1.25735253357e-11 1.79166209721 -1.79166209726 1.72058851704
0.815 -1.29042555721e-11 1.75304915011 -1.75304915016 1.68259129808
0.82 -1.32346707832e-11 1.71370344611 -1.71370344617 1.64415337758
0.825 -1.35593517065e-11 1.6736003239 -1.67360032396 1.60527247687
0.83 -1.38728799515e-11 1.63272077713 -1.63272077719 1.56594677211
0.835 -1.4169946388e-11 1.59105229081 -1.59105229087 1.52617493468
0.84 -1.44454659985e-11 1.54858964945 -1.54858964951 1.48595617258
0.845 -1.46946978711e-11 1.50533569876 -1.50533569882 1.44529027268
0.85 -1.49133687574e-11 1.4613020407 -1.46130204076 1.4041776435
0.855 -1.50977983464e-11 1.41650963937 -1.41650963942 1.36261935816
0.86 -1.52450241068e-11 1.37098931251 -1.37098931256 1.32061719739
0.865 -1.53529232415e-11 1.3247820811 -1.32478208114 1.27817369202
0.87 -1.54203289544e-11 1.27793934647 -1.2779393465 1.23529216459
0.875 -1.54471378755e-11 1.23052286162 -1.23052286164 1.19197676977
0.88 -1.54344051005e-11 1.18260446008 -1.1826044601 1.14823253296
0.885 -1.53844229002e-11 1.13426550275 -1.13426550276 1.10406538666
0.89 -1.53007787159e-11 1.0855959993 -1.0855959993 1.05948220408
0.895 -1.51883876025e-11 1.03669335734 -1.03669335734 1.01449082948
0.9 -1.50534937919e-11 0.987660708805 -0.987660708792 0.969100104603
0.905 -1.49036355377e-11 0.938604758636 -0.938604758618 0.923319890789
0.91 -1.47475668583e-11 0.889633097169 -0.889633097146 0.877161086109
0.915 -1.45951292254e-11 0.840850912739 -0.840850912714 0.830635637075
0.92 -1.4457065639e-11 0.79235703674 -0.792357036715 0.783756544395
0.925 -1.43447689016e-11 0.74423924838 -0.744239248358 0.736537862319
0.93 -1.42699552314e-11 0.696568761402 -0.696568761384 0.688994691185
0.935 -1.42442536609e-11 0.649393809742 -0.649393809733 0.641143162803
0.94 -1.42787009286e-11 0.602732243611 -0.602732243612 0.593000418416
0.945 -1.43831308065e-11 0.556563041735 -0.556563041749 0.544584579035
0.95 -1.45654459971e-11 0.510816639518 -0.510816639547 0.495914708069
0.955 -1.48307598931e-11 0.465363966659 -0.465363966707 0.447010766231
0.96 -1.51803946128e-11 0.420004081261 -0.420004081326 0.397893558849
0.965 -1.56107208013e-11 0.374450280713 -0.374450280796 0.348584675781
0.97 -1.61118237298e-11 0.328314562637 -0.328314562736 0.299106424279
0.975 -1.6665979222e-11 0.281090301848 -0.281090301959 0.249481755239
0.98 -1.72459218926e-11 0.232133001753 -0.232133001869 0.199734183389
0.985 -1.7812887095e-11 0.180638970691 -0.180638970803 0.149887702062
0.99 -1.83144068427e-11 0.12562176561 -0.125621765705 0.0999666933076
0.995 -1.86818387912e-11 0.0658862369688 -0.065886237028 0.0499958341665
1 -1.88276061408e-11 0 0 -0
